Datetime,Water Level (m)
2026-07-11 18:00:00,1.3090352
2026-07-11 19:00:00,1.1570776
2026-07-11 20:00:00,0.7936521
2026-07-11 21:00:00,0.33444136
2026-07-11 22:00:00,-0.1355003
2026-07-11 23:00:00,-0.5474159
2026-07-12 00:00:00,-0.72258073
2026-07-12 01:00:00,-0.34157276
2026-07-12 02:00:00,0.14970015
2026-07-12 03:00:00,0.6721636
2026-07-12 04:00:00,1.2394518
2026-07-12 05:00:00,1.7038816
2026-07-12 06:00:00,1.9944862
2026-07-12 07:00:00,1.996538
2026-07-12 08:00:00,1.6936295
2026-07-12 09:00:00,1.206439
2026-07-12 10:00:00,0.64440334
2026-07-12 11:00:00,0.13498063
2026-07-12 12:00:00,-0.33942607
2026-07-12 13:00:00,-0.56546855
2026-07-12 14:00:00,-0.24888623
2026-07-12 15:00:00,0.16640769
2026-07-12 16:00:00,0.59293187
2026-07-12 17:00:00,1.0896789
2026-07-12 18:00:00,1.4515421
2026-07-12 19:00:00,1.6052744
2026-07-12 20:00:00,1.4164567
2026-07-12 21:00:00,0.99924964
2026-07-12 22:00:00,0.47540277
2026-07-12 23:00:00,-0.04153064
2026-07-13 00:00:00,-0.51948035
2026-07-13 01:00:00,-0.73445934
2026-07-13 02:00:00,-0.29452363
2026-07-13 03:00:00,0.21945432
2026-07-13 04:00:00,0.7733078
2026-07-13 05:00:00,1.3909873
2026-07-13 06:00:00,1.8978288
2026-07-13 07:00:00,2.218503
2026-07-13 08:00:00,2.2073376
2026-07-13 09:00:00,1.8274305
2026-07-13 10:00:00,1.2982651
2026-07-13 11:00:00,0.6891711
2026-07-13 12:00:00,0.1308156
2026-07-13 13:00:00,-0.3914296
2026-07-13 14:00:00,-0.6353324
2026-07-13 15:00:00,-0.2298391
2026-07-13 16:00:00,0.22049594
2026-07-13 17:00:00,0.6979624
2026-07-13 18:00:00,1.191953
2026-07-13 19:00:00,1.5636667
2026-07-13 20:00:00,1.6967746
2026-07-13 21:00:00,1.4683702
2026-07-13 22:00:00,1.0203744
2026-07-13 23:00:00,0.4746008
2026-07-14 00:00:00,-0.067162156
2026-07-14 01:00:00,-0.57134116
2026-07-14 02:00:00,-0.80211025
2026-07-14 03:00:00,-0.25128147
2026-07-14 04:00:00,0.29532462
2026-07-14 05:00:00,0.865416
2026-07-14 06:00:00,1.5161928
2026-07-14 07:00:00,2.0319552
2026-07-14 08:00:00,2.321397
2026-07-14 09:00:00,2.2421908
2026-07-14 10:00:00,1.8119959
2026-07-14 11:00:00,1.2447376
2026-07-14 12:00:00,0.64148414
2026-07-14 13:00:00,0.07079452
2026-07-14 14:00:00,-0.43784368
2026-07-14 15:00:00,-0.6077589
2026-07-14 16:00:00,-0.10429477
2026-07-14 17:00:00,0.35461673
2026-07-14 18:00:00,0.8674521
2026-07-14 19:00:00,1.4014351
2026-07-14 20:00:00,1.7607929
2026-07-14 21:00:00,1.8337548
2026-07-14 22:00:00,1.5448316
2026-07-14 23:00:00,1.0513245
2026-07-15 00:00:00,0.4890956
2026-07-15 01:00:00,-0.06960561
2026-07-15 02:00:00,-0.56410486
2026-07-15 03:00:00,-0.67496145
2026-07-15 04:00:00,-0.0923373
2026-07-15 05:00:00,0.46072683
2026-07-15 06:00:00,1.0929805
2026-07-15 07:00:00,1.7326779
2026-07-15 08:00:00,2.2125204
2026-07-15 09:00:00,2.4353073
2026-07-15 10:00:00,2.2560892
2026-07-15 11:00:00,1.7580541
2026-07-15 12:00:00,1.1560855
2026-07-15 13:00:00,0.5429842
2026-07-15 14:00:00,-0.04055189
2026-07-15 15:00:00,-0.52720207
2026-07-15 16:00:00,-0.50662816
2026-07-15 17:00:00,0.052913506
2026-07-15 18:00:00,0.52543455
2026-07-15 19:00:00,1.0708582
2026-07-15 20:00:00,1.5813746
2026-07-15 21:00:00,1.9143406
2026-07-15 22:00:00,1.8920335
2026-07-15 23:00:00,1.5402482
2026-07-16 00:00:00,1.0054845
2026-07-16 01:00:00,0.43133187
2026-07-16 02:00:00,-0.13453288
2026-07-16 03:00:00,-0.59455734
2026-07-16 04:00:00,-0.550286
2026-07-16 05:00:00,0.07584574
2026-07-16 06:00:00,0.6514638
2026-07-16 07:00:00,1.3037087
2026-07-16 08:00:00,1.9102855
2026-07-16 09:00:00,2.3421998
2026-07-16 10:00:00,2.4563234
2026-07-16 11:00:00,2.164405
2026-07-16 12:00:00,1.61731
2026-07-16 13:00:00,0.99367946
2026-07-16 14:00:00,0.4000855
2026-07-16 15:00:00,-0.18038236
2026-07-16 16:00:00,-0.59558684
2026-07-16 17:00:00,-0.33513245
2026-07-16 18:00:00,0.2103864
2026-07-16 19:00:00,0.70473576
2026-07-16 20:00:00,1.2696623
2026-07-16 21:00:00,1.7468001
2026-07-16 22:00:00,2.0095167
2026-07-16 23:00:00,1.8805817
2026-07-17 00:00:00,1.4669697
2026-07-17 01:00:00,0.9090781
2026-07-17 02:00:00,0.34010974
2026-07-17 03:00:00,-0.20830184
2026-07-17 04:00:00,-0.60880476
2026-07-17 05:00:00,-0.32325304
2026-07-17 06:00:00,0.2658021
2026-07-17 07:00:00,0.84072304
2026-07-17 08:00:00,1.4573492
2026-07-17 09:00:00,2.0062
2026-07-17 10:00:00,2.3600488
2026-07-17 11:00:00,2.3437383
2026-07-17 12:00:00,1.9561539
2026-07-17 13:00:00,1.381514
2026-07-17 14:00:00,0.76926935
2026-07-17 15:00:00,0.18052576
2026-07-17 16:00:00,-0.33427042
2026-07-17 17:00:00,-0.6061643
2026-07-17 18:00:00,-0.121221855
